1 北京 116.46 39.92
2 天津 117.2 39.13
3 上海 121.48 31.22
4 重庆 106.54 29.59
5 拉萨 91.11 29.97
6 乌鲁木齐 87.68 43.77
7 银川 106.27 38.47
8 呼和浩特 111.65 40.82 
9 南宁 108.33 22.84
10 哈尔滨 126.63 45.75
11 长春 125.35 43.88
12 沈阳 123.38 41.8
13 石家庄 114.48 38.03
14 太原 112.53 37.87
15 西宁 101.74 36.56
16 济南 117 36.65
17 郑州 113.6 34.76
18 南京 118.78 32.04
19 合肥 117.27 31.86
20 杭州 120.19 30.26
21 福州 119.3 26.08
22 南昌 115.89 28.68
23 长沙 113 28.21
24 武汉 114.31 30.52
25 广州 113.23 23.16
26 台北 121.5 25.05
27 海口 110.35 20.02
28 兰州 103.73 36.03
29 西安 108.95 34.27
30 成都 104.06 30.67
31 贵阳 106.71 26.57
32 昆明 102.73 25.04
33 香港 114.1 22.2
34 澳门 113.33 22.13